   2.9744329e-01
   2.7186566e-01
   1.0489975e-01
   1.7345310e-01
   1.6832558e-01
   4.2937842e-01
   3.7896797e-01
   2.6741530e-01
   1.0608280e-01
   2.6314783e-01
   1.2851429e-01
   2.5338931e-01
   3.4694847e-01
   2.0912895e-01
   2.8755831e-01
   2.2401450e-01
   3.5633760e-01
   1.1720139e-01
   2.1126055e-01
   1.5368273e-01
   2.5364128e-01
   1.4991902e-01
   2.2679012e-01
   2.1409752e-01
   9.6801677e-02
   2.5662587e-01
   2.1169331e-01
   8.5753020e-02
   2.4849238e-01
   4.7983719e-01
   1.3494346e-01
   2.3254064e-01
   1.5714584e-01
   1.1238421e-01
   1.2311601e-01
   1.8175606e-01
   1.1150735e-01
   2.9268521e-01
   4.3162748e-01 
   3.4531407e-01
   1.6424868e-01
   2.1888230e-01
   9.2977123e-02
   2.0503632e-01
   3.4927241e-01
   2.6218323e-01
