2000.3142857142857
1971.5142857142857
2098.885714285714
1760.9142857142858
2053.8
2160.514285714286
2027.9142857142858
1706.9142857142858
1644.4285714285716
2175.4285714285716
1944.5142857142857
1874.8285714285716
1689.0
2064.857142857143
2822.4
1885.8857142857141
2223.2571428571428
2107.2857142857147
2078.2285714285717
1902.1714285714288
1423.122077922078
1467.6857142857145
2374.457142857143
2977.2
1985.4
3060.0
1669.7142857142858
1955.3142857142857
1820.9142857142858
1904.4
2700.0
2180.8285714285716
1761.1714285714288
2117.3142857142857
1670.5714285714287
1908.5142857142857
2065.6285714285714
1758.1714285714288
1745.5714285714287
2227.3714285714286
1579.8000000000002
1679.4857142857145
1828.6285714285714
2613.6
1588.8000000000002
1938.857142857143
