0.29744329
0.27186566
0.10489975
0.1734531
0.16832558
0.42937842
0.37896797
0.2674153
0.1060828
0.26314783
0.12851429
0.25338931
0.34694847
0.20912895
0.28755831
0.2240145
0.3563376
0.11720139
0.21126055
0.15368273
0.25364128
0.14991902
0.22679012
0.21409752
0.096801677
0.25662587
0.21169331
0.08575302
0.24849238
0.47983719
0.13494346
0.23254064
0.15714584
0.11238421
0.12311601
0.18175606
0.11150735
0.29268521
0.43162748
0.34531407
0.16424868
0.2188823
0.092977123
0.20503632
0.34927241
0.26218323
