0.923016270586411
0.9031975015168409
0.9159364672290674
0.8984140957416475
0.9184361325012789
0.9000755133410386
0.8998636146052601
0.9110711284917281
0.8918780676688116
0.8848568085222516
0.9148262117480312
0.9087265439480862
0.8950732127133421
0.9105943277913746
0.8978706057474004
0.9159747665144699
0.9128513653457501
0.8949550443317891
0.9222996927016497
0.9165304708294221
0.9054571204834225
0.9301462292905878
0.9215369417159497
0.8960055479070269
0.8987657801164033
0.8725601630659914
0.8913625157667927
0.9154047538893499
0.9060638775284545
0.8987693188090295
0.9098517807674935
