0.9073761513437049
0.8922242331645726
0.9101524838235163
0.9031526706178435
0.8811729107640496
0.9091702703289721
0.8902281819107327
0.8793725107947337
0.8976665531960084
0.8989813840331388
0.911839472838378
0.8931278974710493
0.8866574506290946
0.8885231541777094
0.9366068937451622
0.9082251653193231
0.9215042613862974
0.912739456563052
0.9004491736276244
0.895225916402721
0.8728815252345321
0.8832494162961386
0.9172307815919934
0.9433473839314211
0.9074291177877037
0.9595280225968014
0.895283273373928
0.9041702258266754
0.8876911216496581
0.9063050065038268
0.9263314150812317
0.898802161296472
0.894533272558788
0.9142475811961153
0.8888885275786466
0.9009666712728209
0.9222856642783777
0.8788174855879436
0.8776344098865614
0.9055956346694052
0.8800255221023195
0.8827634946074386
0.8904721403628767
0.9144023695482656
0.8756618432704232
0.9047539786595219
